Scatterer_ocean
{
	Ocean
	{
		name = Nem
		AMP = 0.5
		m_windSpeed = 4
		m_omega = 0.839999974
		m_gravity = 4.4884
		maxWaveInteractionShipAltitude = 500
		m_whiteCapStr = 0.01
		shoreFoam = 1
		m_farWhiteCapStr = 0.019999999
		m_oceanUpwellingColor = 0.38200000382,2.865,3.05600004584 //0.286500002865,2.14875,2.29200003438
		m_UnderwaterColor = 0.09550,0.71625,0.76400
		offScreenVertexStretch = 1.1
		alphaRadius = 1000
		transparencyDepth = 500
		darknessDepth = 500
		refractionIndex = 1.33000004
		skyReflectionStrength = 1
		causticsTexturePath = scatterer/config/Planets/Caustics.png
		causticsLayer1Scale = 0.200000003,0.200000003
		causticsLayer1Speed = 0.0612000003,-0.151199996
		causticsLayer2Scale = 0.277099997,0.267100006
		causticsLayer2Speed = -0.0748699978,0.174869999
		causticsMultiply = 1.91
		causticsUnderwaterLightBoost = 1.2
		causticsMinBrightness = 0.15
		causticsBlurDepth = 9999
		lightRaysStrength = 1.91
	}
}
